47 
58 
53 
32 
41 
40 
41 
43 
41 
43 
45 
45 
39 
44 
46 
41 
35 
42 
36 
46 
52 
54 
52 
43 
50 
48 
46 
35 
39 
40 
45 
49 
46 
35 
46 
48 
36 
45 
40 
40 
38 
39 
51 
43 
40 
45 
36 
32 
53 
42 
36 
45 
45 
38 
40 
41 
43 
48 
38 
35 
41 
41 
47 
45 
41 
48 
50 
33 
33 
40 
41 
40 
40 
45 
45 
43 
41 
43 
45 
38 
49 
43 
29 
46 
48 
43 
40 
35 
43 
41 
33 
43 
42 
34 
31 
35 
48 
43 
43 
42 
33 
39 
37 
38 
43 
38 
43 
38 
41 
41 
43 
43 
40 
38 
33 
42 
47 
41 
32 
45 
38 
40 
41 
44 
39 
40 
38 
44 
44 
51 
38 
42 
42 
41 
34 
41 
50 
44 
41 
40 
40 
34 
30 
48 
42 
40 
44 
44 
45 
44 
36 
35 
40 
42 
36 
35 
44 
44 
39 
35 
43 
38 
45 
40 
34 
36 
40 
38 
40 
44 
43 
43 
42 
49 
53 
33 
35 
32 
41 
37 
37 
39 
37 
36 
36 
28 
36 
42 
37 
40 
31 
39 
42 
46 
35 
38 
39 
40 
43 
43 
43 
39 
38 
31 
36 
45 
41 
36 
42 
47 
37 
42 
50 
37 
41 
38 
37 
38 
36 
33 
40 
41 
38 
34 
36 
33 
41 
35 
40 
39 
40 
41 
38 
36 
39 
39 
42 
32 
28 
42 
44 
41 
42 
38 
31 
35 
43 
35 
35 
41 
36 
34 
36 
37 
39 
36 
36 
41 
47 
37 
35 
33 
42 
37 
35 
41 
47 
37 
42 
42 
44 
44 
38 
35 
36 
45 
41 
40 
39 
37 
30 
40 
35 
42 
36 
35 
28 
22 
25 
28 
31 
37 
32 
31 
38 
33 
36 
45 
30 
44 
37 
39 
32 
34 
42 
38 
43 
33 
33 
40 
37 
35 
41 
41 
40 
36 
37 
33 
40 
34 
40 
42 
35 
29 
37 
25 
30 
47 
36 
25 
32 
42 
39 
39 
36 
33 
37 
36 
40 
41 
39 
44 
42 
39 
36 
46 
46 
44 
42 
44 
30 
49 
31 
40 
39 
41 
43 
46 
33 
38 
44 
36 
50 
51 
47 
51 
63 
28 
19 
79 
65 
69 
51 
49 
55 
61 
47 
35 
37 
41 
39 
44 
44 
38 
45 
40 
33 
40 
36 
39 
43 
41 
41 
46 
42 
43 
43 
42 
34 
38 
43 
40 
34 
40 
35 
39 
37 
45 
42 
30 
41 
38 
32 
34 
45 
35 
35 
39 
42 
36 
37 
45 
36 
39 
42 
41 
42 
44 
44 
52 
54 
34 
57 
34 
37 
37 
42 
36 
41 
37 
47 
38 
35 
42 
39 
36 
43 
44 
42 
44 
41 
39 
43 
43 
43 
36 
38 
48 
45 
35 
34 
37 
54 
50 
41 
36 
40 
43 
39 
35 
43 
54 
41 
45 
43 
42 
34 
41 
42 
46 
28 
39 
43 
38 
39 
38 
34 
40 
45 
43 
36 
40 
40 
42 
41 
42 
41 
39 
32 
41 
38 
38 
38 
36 
35 
33 
38 
42 
37 
36 
32 
35 
48 
45 
43 
43 
54 
67 
44 
39 
37 
32 
36 
53 
44 
42 
50 
40 
43 
43 
45 
36 
31 
45 
40 
36 
35 
36 
37 
40 
54 
57 
62 
100 
119 
