40 
61 
47 
43 
30 
39 
44 
40 
37 
37 
38 
32 
38 
42 
41 
42 
46 
45 
44 
37 
56 
43 
40 
48 
41 
41 
42 
41 
39 
43 
37 
41 
38 
46 
42 
37 
40 
48 
35 
37 
42 
48 
34 
31 
47 
43 
36 
38 
43 
41 
41 
39 
44 
42 
44 
37 
30 
41 
33 
36 
39 
38 
33 
38 
38 
41 
35 
32 
40 
39 
43 
44 
46 
45 
44 
45 
36 
34 
31 
38 
39 
30 
32 
36 
41 
37 
44 
51 
49 
44 
42 
34 
38 
39 
38 
48 
40 
46 
42 
40 
37 
36 
40 
36 
32 
36 
48 
30 
38 
37 
43 
37 
36 
35 
39 
38 
40 
45 
40 
31 
33 
32 
44 
28 
42 
42 
44 
49 
60 
46 
36 
37 
40 
37 
41 
34 
39 
35 
41 
40 
36 
38 
41 
35 
31 
45 
39 
42 
45 
41 
43 
47 
55 
51 
13 
10 
89 
57 
59 
43 
56 
53 
58 
34 
35 
41 
52 
35 
39 
44 
46 
52 
39 
36 
42 
44 
47 
42 
31 
38 
44 
40 
36 
35 
39 
39 
30 
27 
43 
48 
46 
33 
35 
41 
39 
40 
48 
46 
42 
40 
47 
66 
37 
29 
60 
62 
47 
41 
45 
38 
46 
37 
37 
44 
48 
37 
36 
45 
37 
31 
39 
44 
43 
39 
36 
37 
34 
41 
46 
39 
31 
40 
37 
39 
37 
39 
36 
38 
36 
38 
36 
35 
41 
38 
33 
31 
44 
36 
39 
39 
38 
38 
45 
38 
38 
35 
42 
36 
37 
40 
39 
31 
34 
45 
28 
28 
44 
32 
35 
41 
38 
31 
40 
42 
35 
40 
42 
38 
34 
35 
36 
36 
43 
30 
43 
41 
43 
36 
35 
38 
35 
44 
31 
42 
35 
41 
39 
43 
37 
36 
37 
39 
37 
37 
42 
41 
37 
38 
39 
40 
39 
42 
40 
40 
37 
39 
38 
34 
40 
43 
47 
34 
37 
48 
49 
41 
38 
45 
44 
41 
31 
38 
37 
36 
39 
42 
46 
39 
35 
44 
30 
42 
36 
40 
43 
57 
37 
47 
44 
45 
45 
40 
38 
41 
46 
38 
39 
41 
43 
39 
43 
41 
51 
45 
44 
48 
42 
45 
44 
42 
44 
36 
33 
44 
41 
43 
32 
36 
47 
46 
42 
41 
45 
47 
42 
32 
37 
41 
43 
37 
37 
42 
47 
31 
33 
52 
42 
53 
37 
47 
41 
45 
48 
42 
42 
34 
46 
44 
49 
53 
45 
43 
49 
45 
46 
49 
47 
44 
46 
45 
55 
56 
52 
60 
52 
48 
49 
39 
41 
46 
36 
42 
40 
38 
37 
43 
58 
58 
71 
