100 
79 
66 
56 
43 
44 
49 
42 
42 
35 
39 
47 
45 
40 
39 
43 
43 
37 
33 
38 
41 
45 
39 
35 
35 
38 
43 
48 
43 
36 
38 
27 
37 
46 
41 
45 
33 
39 
44 
44 
48 
40 
33 
38 
40 
33 
36 
39 
43 
37 
28 
36 
38 
35 
36 
44 
40 
39 
36 
38 
51 
41 
39 
45 
32 
32 
34 
47 
34 
37 
47 
35 
44 
34 
38 
44 
36 
33 
36 
39 
38 
37 
45 
40 
38 
41 
46 
33 
34 
44 
29 
36 
40 
31 
39 
38 
54 
49 
44 
61 
58 
17 
13 
76 
65 
51 
46 
55 
44 
36 
38 
44 
48 
39 
39 
48 
43 
37 
36 
31 
37 
45 
42 
38 
36 
43 
31 
31 
32 
37 
43 
46 
42 
45 
48 
46 
37 
36 
34 
41 
36 
33 
31 
42 
37 
34 
37 
36 
32 
44 
37 
42 
40 
39 
35 
41 
34 
29 
32 
41 
40 
35 
34 
44 
44 
38 
38 
41 
40 
38 
41 
37 
36 
32 
35 
39 
35 
43 
51 
42 
35 
51 
40 
43 
45 
37 
36 
36 
37 
36 
36 
37 
36 
33 
35 
43 
39 
36 
44 
36 
41 
51 
47 
45 
40 
36 
39 
47 
47 
38 
40 
48 
35 
41 
41 
48 
45 
48 
43 
39 
36 
43 
50 
51 
49 
45 
48 
51 
55 
68 
99 
42 
67 
