0 690 706 
703 
706 
704 
0 705 706 
0 703 716 753 
0 703 707 
0 704 705 706 709 711 712 713 
0 702 703 707 708 710 715 716 725 
0 616 703 704 705 706 709 710 711 712 713 714 715 716 717 724 725 726 727 734 
0 706 707 709 712 713 714 715 716 717 733 
0 702 703 704 705 706 707 708 709 710 711 712 713 715 716 717 727 
0 703 704 708 709 710 712 714 715 716 717 725 741 
0 699 703 704 705 706 707 708 710 711 712 714 715 716 717 725 
0 698 699 701 703 704 705 706 707 708 709 710 711 712 713 714 715 716 717 725 726 727 739 
0 694 699 700 702 704 708 709 710 712 714 715 716 725 726 732 733 741 
0 699 700 702 704 705 706 707 708 709 710 711 712 713 714 715 716 717 724 725 726 732 733 
0 699 700 701 702 703 704 705 706 707 708 709 710 711 712 713 714 715 716 717 724 725 726 728 734 735 
0 697 699 702 703 704 705 706 707 708 709 710 711 712 713 714 715 716 717 724 725 726 734 737 738 739 
0 694 698 699 700 702 703 704 705 706 707 708 709 710 711 712 713 714 715 716 717 724 725 726 727 728 729 731 733 734 735 736 737 738 739 
715 
0 694 698 699 701 703 704 705 706 707 708 709 710 711 712 713 714 715 716 717 724 725 726 727 728 729 730 731 732 733 734 735 736 740 
717 
0 696 698 699 700 701 702 704 705 706 707 708 709 710 711 712 713 714 715 716 717 724 725 726 727 728 729 730 731 732 733 734 735 736 740 744 752 
0 695 696 697 698 699 700 701 702 703 704 705 706 707 708 709 710 711 712 713 714 715 716 717 724 725 726 727 728 729 730 731 732 733 734 735 736 740 742 744 746 
0 696 698 699 700 701 702 703 704 705 706 707 708 709 710 711 712 713 714 715 716 717 724 725 726 727 728 729 730 731 732 733 734 735 736 737 738 739 740 741 745 
0 695 697 698 699 700 701 702 703 704 705 706 707 708 709 710 711 712 713 714 715 716 717 724 725 726 727 728 729 730 731 732 733 734 735 736 737 738 739 740 744 746 
0 695 697 698 699 700 701 702 703 704 705 706 707 708 709 710 711 712 713 714 715 716 717 724 725 726 727 728 729 730 731 732 733 734 735 736 737 738 739 740 741 
0 692 696 698 699 700 701 702 703 704 705 706 707 708 709 710 711 712 713 714 715 716 717 724 725 726 727 728 729 730 731 732 733 734 735 736 737 738 739 740 741 
0 694 695 698 699 700 701 702 703 704 705 706 707 708 709 710 711 712 713 714 715 716 717 724 725 726 727 728 729 730 731 732 733 734 735 736 737 740 
0 699 701 702 704 705 706 707 708 709 710 711 712 713 714 715 716 717 724 725 726 727 728 729 730 731 732 733 734 735 736 737 738 740 
0 696 697 698 699 701 702 703 704 705 707 708 709 710 711 712 713 714 715 716 717 724 725 726 727 728 729 730 731 732 733 734 735 736 737 740 742 745 750 
725 
0 696 699 701 702 703 704 705 706 707 708 709 710 711 712 713 714 715 716 717 724 725 726 727 728 729 730 731 732 733 734 735 736 737 738 740 
0 701 702 703 704 705 706 707 708 709 710 711 712 713 714 715 716 717 724 725 726 727 728 729 730 731 732 733 734 735 737 738 
0 700 701 702 703 704 705 706 707 708 709 710 711 712 713 714 715 716 717 724 725 726 727 728 729 730 731 732 733 734 735 736 737 738 
0 700 701 702 703 704 705 706 707 708 709 710 711 712 713 714 715 716 717 724 725 726 727 728 729 730 731 732 733 734 735 736 737 738 739 740 
0 699 701 702 703 704 705 706 707 708 709 710 711 712 713 714 715 716 717 724 725 726 727 728 729 730 731 732 733 734 735 736 
0 701 704 705 706 707 708 709 710 711 712 713 714 715 716 717 724 725 726 727 728 729 730 731 732 733 734 735 736 
0 700 701 703 704 705 706 707 708 709 710 711 712 713 714 715 716 717 724 725 726 727 728 729 730 731 732 733 734 735 736 738 739 
0 695 697 699 700 701 702 703 704 705 706 707 708 709 710 711 712 713 714 715 716 717 724 725 726 727 728 729 730 731 732 733 734 735 736 738 739 
0 699 701 702 704 705 706 707 708 709 710 711 712 713 714 715 716 717 724 725 726 727 728 729 730 731 732 734 735 737 740 
0 698 699 701 702 704 705 706 707 708 709 710 711 712 713 714 715 716 717 724 725 726 727 728 729 730 731 734 735 736 
0 698 701 702 703 704 705 706 707 708 709 710 711 712 713 714 715 716 717 724 725 726 727 728 729 730 731 732 733 734 737 
0 698 699 700 701 702 703 704 705 706 707 708 709 710 711 712 713 714 715 716 717 724 725 726 727 728 729 730 731 732 733 734 735 736 737 738 739 
0 695 697 698 699 700 702 703 704 705 706 707 708 709 710 711 712 713 714 715 716 717 724 725 726 727 728 729 730 731 733 735 737 738 
0 695 696 698 699 701 702 703 704 705 706 707 708 709 710 711 712 713 714 715 716 717 724 725 726 727 728 729 730 731 734 
0 697 698 699 700 702 703 704 705 706 707 708 709 710 711 712 713 714 715 716 717 724 725 726 727 728 729 732 735 
0 692 693 694 695 696 697 698 699 701 702 703 704 705 706 707 708 709 710 711 712 713 714 715 716 717 724 725 726 727 728 729 730 731 732 734 735 736 
0 690 691 697 699 700 701 702 703 704 705 706 707 708 709 710 711 712 713 714 715 716 717 724 725 726 727 728 730 731 732 733 734 738 739 
716 
0 694 695 697 699 700 701 702 703 704 705 706 707 708 709 710 711 712 713 714 715 716 717 724 725 726 727 728 733 734 736 
0 690 695 697 698 699 700 701 702 703 704 705 706 707 708 709 710 711 712 713 714 715 716 717 725 726 728 
0 691 693 694 695 696 697 698 699 700 701 702 703 704 705 706 707 708 709 710 711 712 713 714 715 716 717 724 
0 691 692 693 694 695 697 698 699 700 701 702 703 704 705 706 707 708 709 710 711 712 713 714 715 716 717 727 
0 690 691 692 693 694 695 696 697 698 699 700 701 702 703 704 705 706 707 708 709 710 711 712 713 714 715 716 717 725 726 727 729 734 
0 686 690 691 692 693 694 695 696 697 698 699 700 701 702 703 704 705 706 707 708 709 710 711 712 713 714 715 716 717 724 725 726 727 740 
0 683 684 687 688 689 690 691 692 693 694 695 697 698 699 700 702 703 704 705 706 707 708 709 710 711 712 713 714 715 716 717 724 725 728 
0 692 696 698 699 700 701 702 703 704 705 706 707 708 709 710 712 713 714 716 717 
0 685 688 689 690 691 692 693 695 696 697 698 699 700 701 702 703 704 705 706 707 708 709 710 711 712 713 714 715 716 717 727 730 734 736 
0 684 685 688 689 690 691 692 693 694 695 696 697 698 699 700 701 702 703 704 705 706 707 708 709 710 711 712 713 714 715 716 717 
0 684 685 688 689 690 691 692 693 694 695 696 697 698 699 700 701 702 703 704 705 706 707 708 709 710 711 712 715 716 717 
0 683 684 685 686 687 688 689 690 691 692 693 694 695 696 697 698 699 700 701 702 703 704 705 706 707 708 709 710 712 713 715 
690 
0 678 683 684 685 686 687 688 689 690 691 692 693 694 695 696 697 698 699 700 701 702 703 704 705 706 707 708 709 710 711 
0 683 685 686 687 688 689 690 691 692 693 694 695 696 697 698 699 700 701 702 703 704 705 706 707 708 709 710 711 713 714 715 
0 684 685 686 687 688 689 690 691 692 693 694 695 696 697 698 699 700 701 702 703 704 705 706 707 708 709 710 711 
0 683 685 686 687 688 689 690 691 692 693 694 695 696 697 698 699 700 702 704 705 706 707 708 
0 688 689 690 691 692 693 694 699 700 702 703 705 706 707 708 
0 685 686 689 690 691 692 693 694 696 697 699 700 701 702 704 705 706 707 
0 690 691 694 704 707 709 
0 677 689 690 699 700 702 704 707 709 755 
0 685 699 704 705 706 707 
0 695 705 706 
0 690 704 
691 
0 
1003 
0 564 566 580 585 591 594 682 924 968 970 972 979 980 981 982 983 984 985 986 987 992 994 998 999 1000 1003 1004 1005 1006 1007 
