380 
165 225 
356 388 
385 396 
369 
356 364 368 370 371 401 
348 365 366 370 
365 366 370 
370 371 373 383 386 391 
356 357 358 361 365 368 370 371 372 383 386 387 391 
358 363 364 366 368 370 371 372 373 383 385 388 389 391 394 
356 362 364 365 366 368 370 371 372 373 383 384 385 386 387 391 392 393 
349 353 356 358 363 364 365 366 370 371 372 373 383 384 385 386 387 389 390 391 392 393 395 
358 362 363 365 366 368 370 371 372 373 383 384 385 386 387 388 389 390 391 393 
348 358 359 360 361 362 363 364 365 366 368 370 371 372 373 383 384 385 386 387 389 390 391 396 
382 
356 357 358 360 361 362 363 364 365 366 368 370 371 372 373 383 384 385 386 387 388 389 390 391 392 393 396 397 399 401 
196 349 354 356 358 359 361 362 363 364 365 366 368 370 371 372 373 383 384 385 386 387 388 389 390 391 392 393 394 395 396 399 400 401 
353 354 358 360 361 362 363 364 365 366 368 370 371 372 373 383 384 385 386 387 388 389 390 391 392 393 394 396 399 
342 358 360 361 362 363 364 365 366 368 370 371 372 373 383 384 385 386 387 388 389 390 391 392 393 394 396 399 
381 
358 360 361 362 363 364 365 366 368 370 371 372 373 383 384 385 386 387 388 389 390 391 392 393 395 396 
350 354 355 358 359 360 361 362 363 364 365 366 368 370 371 372 373 383 384 385 386 387 388 389 390 391 392 393 396 397 398 399 
355 356 358 359 360 361 362 363 364 365 366 368 370 371 372 373 383 384 385 386 387 388 389 390 391 392 393 394 395 396 
358 359 360 362 363 364 365 366 368 370 371 372 373 383 384 385 386 387 388 389 390 391 392 394 399 
358 359 360 361 362 363 364 365 366 368 370 371 372 373 383 384 385 386 387 388 389 390 391 392 394 395 396 
356 357 358 359 360 361 362 363 364 365 366 368 370 371 372 373 383 384 385 386 387 388 389 390 391 392 393 394 395 396 401 
358 359 360 361 362 363 364 365 366 368 370 371 372 373 383 384 385 386 387 388 389 390 391 392 393 394 395 396 
358 359 360 361 362 363 364 365 366 368 370 371 372 373 383 384 385 386 387 388 389 390 391 394 395 
374 
356 357 358 359 360 362 363 364 365 366 368 370 371 372 373 383 384 385 386 387 388 389 390 391 392 393 394 395 403 
357 358 359 360 361 362 363 364 365 366 368 370 371 372 373 383 384 385 386 387 388 389 390 391 392 393 394 395 396 
356 358 359 360 361 362 363 364 365 366 368 370 371 372 373 383 384 385 386 387 388 389 390 391 392 393 394 395 
356 358 360 363 364 365 366 368 370 371 372 373 383 384 385 386 387 388 389 390 392 
349 352 356 358 359 360 361 363 364 365 366 368 370 371 372 373 383 384 385 386 387 388 389 391 393 399 
356 357 358 360 361 362 363 364 365 366 368 370 371 372 373 383 384 385 386 387 388 389 390 391 392 394 395 396 397 399 400 
352 356 358 359 360 362 363 364 365 366 368 370 371 372 373 383 384 385 386 387 388 389 391 393 396 
355 356 360 362 363 364 365 366 368 370 371 372 373 383 384 385 386 387 388 389 390 391 392 395 396 
359 360 361 362 363 364 365 366 368 370 371 372 373 383 384 385 387 388 389 391 394 
358 359 360 362 363 364 365 366 368 370 371 372 373 383 384 385 386 387 389 390 391 392 393 396 
345 351 354 356 360 362 364 365 368 370 371 372 373 383 385 386 387 388 389 392 393 401 
365 366 368 370 371 372 373 383 385 386 387 390 393 394 396 401 
358 364 368 370 372 373 383 385 
365 368 371 372 373 
368 372 373 
370 372 386 
365 372 373 388 
364 365 373 
365 366 
367 
338 
0 
556 
557 
