0 6 7 8 9 10 11 12 13 14 15 462 545 546 547 548 549 550 551 552 553 554 555 556 557 
0 6 7 8 9 10 11 12 13 14 15 543 544 545 546 547 548 549 550 551 552 553 554 555 556 557 
0 6 7 8 9 10 11 12 13 14 15 16 544 545 546 547 548 549 550 551 552 553 554 555 556 557 
0 6 7 8 9 10 11 12 13 14 15 16 544 545 546 547 548 549 550 551 552 553 554 555 556 557 
0 6 7 8 9 10 11 12 13 14 15 16 545 546 547 548 549 550 551 552 553 554 555 556 557 
0 6 7 8 9 10 11 12 13 14 16 545 546 547 548 549 550 551 552 553 554 555 556 557 
0 6 7 8 9 10 11 12 13 14 15 16 18 544 545 546 547 548 549 550 551 552 553 554 555 556 557 
0 6 7 8 9 10 11 12 13 14 16 543 545 546 547 548 549 550 551 552 553 554 555 556 557 
0 6 7 8 9 10 11 12 13 14 15 544 545 546 547 548 549 550 551 552 553 554 555 556 557 
0 6 7 8 9 10 11 12 13 14 15 16 544 545 546 547 548 549 550 551 552 553 554 555 557 
0 6 7 8 9 10 11 12 13 14 15 545 546 547 548 549 550 551 552 553 554 557 
0 6 7 8 9 10 11 12 13 14 15 546 547 548 549 550 551 552 553 555 556 557 
0 6 7 8 9 10 11 12 13 14 549 550 551 552 553 
0 6 7 8 9 10 11 12 548 550 
11 
6 
0 370 374 
0 373 374 380 381 
0 373 374 381 382 383 384 
0 372 373 374 380 381 384 385 386 
0 368 369 370 371 372 373 374 380 381 382 383 385 386 
381 
0 369 370 371 372 373 374 380 381 382 383 384 385 386 
0 364 365 367 368 369 370 371 372 373 374 380 381 382 383 384 385 386 387 388 389 390 
0 365 366 367 368 369 370 371 372 373 374 380 381 382 383 384 385 386 387 388 389 390 
380 
0 365 366 367 368 369 370 371 372 373 374 380 381 382 383 384 385 386 387 388 389 390 391 
0 367 369 370 371 372 373 374 380 381 382 383 384 385 386 387 
0 366 367 368 369 370 371 372 373 374 380 381 382 383 384 385 386 387 
0 371 372 373 374 380 381 382 383 385 386 387 
0 372 373 374 380 381 382 383 385 386 
0 372 373 374 381 382 
0 373 381 382 385 
0 381 387 388 
0 373 381 
373 
0 555 556 557 
0 6 7 11 557 
0 6 7 8 9 10 11 
0 6 7 8 9 10 11 12 13 14 
0 6 7 8 9 10 11 12 13 14 15 549 550 556 557 
0 6 7 8 9 10 11 12 13 14 15 546 547 548 549 550 551 552 553 554 555 556 557 
0 6 7 8 9 10 11 12 13 14 15 544 545 546 547 548 549 550 551 552 553 554 555 556 557 
0 6 7 8 9 10 11 12 13 14 15 16 545 547 548 549 550 551 552 553 554 555 556 557 
0 6 7 8 9 10 11 12 13 14 15 16 546 547 548 549 550 551 552 553 554 555 556 557 
0 6 7 8 9 10 11 12 13 14 15 16 17 20 545 546 547 548 549 550 551 552 553 554 555 556 557 
0 6 7 8 9 10 11 12 13 14 15 16 543 545 546 547 548 549 550 551 552 553 554 555 556 557 
0 6 7 8 9 10 11 12 13 14 15 16 17 544 545 546 547 548 549 550 551 552 553 554 555 556 557 
9 
0 6 7 8 9 10 11 12 13 14 15 16 17 544 545 546 547 548 549 550 551 552 553 554 555 556 557 
8 
